0.0255126953125 0.0144844055176 0.0108833312988 0.0105743408203 0.0105056762695 0.0128936767578 0.0148391723633 0.021068572998 0.0263824462891 0.0354766845703 0.0439910888672 0.0547828674316 0.0554885864258 0.0555648803711 0.0461578369141 0.0367202758789 0.0280265808105 0.0225677490234 0.0165176391602 0.0148086547852 0.0137023925781 0.0140647888184 0.015697479248 0.0142822265625 0.0369071960449 0.348098754883 01
0.0246543884277 0.0165939331055 0.0117416381836 0.00981140136719 0.00885009765625 0.010814666748 0.012752532959 0.0183410644531 0.0241203308105 0.0324897766113 0.0403442382812 0.0501098632812 0.0514945983887 0.0505142211914 0.0419731140137 0.0329399108887 0.0258750915527 0.0205307006836 0.015869140625 0.0142593383789 0.0128517150879 0.0143165588379 0.0162353515625 0.0156631469727 0.0364952087402 0.390357971191 01
0.022087097168 0.0136413574219 0.0105094909668 0.00947952270508 0.00960159301758 0.0121269226074 0.0151176452637 0.0204734802246 0.0277786254883 0.037036895752 0.0475463867188 0.0607490539551 0.0633201599121 0.062557220459 0.0525894165039 0.041431427002 0.0312767028809 0.0243721008301 0.0172691345215 0.0141258239746 0.0118064880371 0.0122108459473 0.0132102966309 0.0123062133789 0.0272369384766 0.330139160156 01
0.025764465332 0.0139808654785 0.0114402770996 0.0108680725098 0.0111427307129 0.0135726928711 0.0157432556152 0.0223770141602 0.0277824401855 0.0372123718262 0.0459899902344 0.0560340881348 0.0580139160156 0.0573692321777 0.0482521057129 0.0390167236328 0.0307121276855 0.0252838134766 0.0183563232422 0.0155639648438 0.0137748718262 0.0132217407227 0.0144729614258 0.0130348205566 0.0320510864258 0.328968048096 01
0.0394897460938 0.0148811340332 0.0142440795898 0.0144195556641 0.0148239135742 0.0168609619141 0.0179061889648 0.0224456787109 0.0264739990234 0.0316772460938 0.0375213623047 0.0445327758789 0.0446472167969 0.0422973632812 0.0380744934082 0.0322761535645 0.0271224975586 0.0230560302734 0.019359588623 0.0172233581543 0.0149688720703 0.0159454345703 0.0163345336914 0.0155296325684 0.0426635742188 0.355224609375 01
0.0391044616699 0.0156402587891 0.0137329101562 0.0128555297852 0.0131912231445 0.0143203735352 0.0159149169922 0.0201187133789 0.024112701416 0.0300827026367 0.0366668701172 0.043140411377 0.0452766418457 0.0442695617676 0.037769317627 0.0315895080566 0.0247764587402 0.0212020874023 0.0169868469238 0.015209197998 0.0137023925781 0.0146217346191 0.0157165527344 0.015811920166 0.0417671203613 0.382419586182 01
0.0264205932617 0.0145492553711 0.0107269287109 0.00967407226562 0.0100898742676 0.0123672485352 0.0151062011719 0.0205917358398 0.0265960693359 0.0345115661621 0.0430717468262 0.0549278259277 0.0566711425781 0.0549163818359 0.0466995239258 0.0368537902832 0.0284957885742 0.0229682922363 0.0166206359863 0.0146942138672 0.0127029418945 0.013298034668 0.0152359008789 0.0140495300293 0.0351524353027 0.353008270264 01
0.0254364013672 0.0173225402832 0.0115928649902 0.00918197631836 0.00812149047852 0.00998306274414 0.0119285583496 0.0169830322266 0.0225639343262 0.0300254821777 0.0381202697754 0.0468559265137 0.0490036010742 0.0479583740234 0.0409507751465 0.0336227416992 0.0258979797363 0.0203895568848 0.0150680541992 0.0133285522461 0.0117683410645 0.0132331848145 0.0162811279297 0.0167274475098 0.035285949707 0.412368774414 01
0.0220565795898 0.012638092041 0.0104103088379 0.0103721618652 0.0106353759766 0.0133361816406 0.0156173706055 0.022144317627 0.0293960571289 0.0395278930664 0.0490760803223 0.0615730285645 0.0634956359863 0.0632438659668 0.0523452758789 0.0415115356445 0.0310859680176 0.0254020690918 0.0182723999023 0.0151329040527 0.0129852294922 0.0133743286133 0.0138511657715 0.0119323730469 0.0298881530762 0.310695648193 01
0.0232620239258 0.0131225585938 0.0104713439941 0.0101203918457 0.0106239318848 0.0137252807617 0.0159034729004 0.0223655700684 0.0294990539551 0.0378570556641 0.0470504760742 0.0594291687012 0.0605430603027 0.0606842041016 0.0512390136719 0.0412559509277 0.032039642334 0.0264472961426 0.0192527770996 0.0166473388672 0.0142517089844 0.0140991210938 0.0140419006348 0.0119132995605 0.0308303833008 0.313323974609 01
0.0301628112793 0.0129776000977 0.0127296447754 0.0130462646484 0.0137596130371 0.0165252685547 0.0192565917969 0.024112701416 0.0303916931152 0.0379753112793 0.0451202392578 0.0552864074707 0.0567817687988 0.0553665161133 0.0465126037598 0.0400161743164 0.0325736999512 0.0275001525879 0.0214042663574 0.0180931091309 0.0157051086426 0.014705657959 0.014762878418 0.0121726989746 0.0360488891602 0.297012329102 01
0.0307731628418 0.0150184631348 0.0130767822266 0.0121116638184 0.0127983093262 0.0146293640137 0.0167655944824 0.0217056274414 0.0262489318848 0.0335960388184 0.0404663085938 0.0499496459961 0.050048828125 0.0503997802734 0.0433502197266 0.0354461669922 0.0279350280762 0.0237922668457 0.0192985534668 0.0169525146484 0.0151596069336 0.0154457092285 0.0154190063477 0.014289855957 0.0384864807129 0.346836090088 01
0.025074005127 0.0150489807129 0.0110778808594 0.00981521606445 0.00978469848633 0.0120735168457 0.0135383605957 0.019157409668 0.0261116027832 0.034854888916 0.0438423156738 0.0550117492676 0.0560722351074 0.0560264587402 0.0467987060547 0.0372428894043 0.0290069580078 0.023754119873 0.0172233581543 0.0158081054688 0.0139503479004 0.0145530700684 0.0154800415039 0.0141067504883 0.035717010498 0.34886932373 01
0.0263938903809 0.0176963806152 0.0123710632324 0.0097770690918 0.00926971435547 0.0107841491699 0.0122184753418 0.0173225402832 0.0227966308594 0.0299491882324 0.0369682312012 0.0456390380859 0.0457153320312 0.0460472106934 0.0394134521484 0.0316276550293 0.0248146057129 0.0199699401855 0.0148811340332 0.0143966674805 0.0129661560059 0.0154914855957 0.0177421569824 0.0169143676758 0.0412483215332 0.407585144043 01
0.0247688293457 0.0141487121582 0.010929107666 0.0101585388184 0.0105247497559 0.0128555297852 0.0149955749512 0.0213890075684 0.0279121398926 0.0371246337891 0.0474586486816 0.0588264465332 0.060115814209 0.0582504272461 0.0486831665039 0.0373611450195 0.0286827087402 0.0224990844727 0.0174942016602 0.0150756835938 0.0137138366699 0.0143089294434 0.0148506164551 0.0136756896973 0.0344772338867 0.329719543457 01
0.0256500244141 0.0166625976562 0.0121726989746 0.0104370117188 0.0104026794434 0.0119514465332 0.0140380859375 0.0195198059082 0.0254821777344 0.0334358215332 0.0414199829102 0.050163269043 0.0488624572754 0.0496940612793 0.0415496826172 0.0324058532715 0.0261497497559 0.0213012695312 0.0163688659668 0.0150451660156 0.0133323669434 0.0150909423828 0.0165748596191 0.0157203674316 0.0385513305664 0.378017425537 01
0.023006439209 0.0138931274414 0.0115051269531 0.0100021362305 0.0107841491699 0.0133628845215 0.0158042907715 0.0211601257324 0.0271644592285 0.0362091064453 0.0465393066406 0.0588302612305 0.0628776550293 0.061767578125 0.0509872436523 0.039493560791 0.0304870605469 0.0247497558594 0.0176124572754 0.0149688720703 0.0129547119141 0.0133781433105 0.0136337280273 0.0126953125 0.0295715332031 0.326560974121 01
0.0256576538086 0.0131530761719 0.0115203857422 0.0116882324219 0.0122489929199 0.0147476196289 0.0178871154785 0.0226898193359 0.0282974243164 0.0373001098633 0.0477523803711 0.0601081848145 0.0622863769531 0.0603523254395 0.0496292114258 0.0393257141113 0.0301933288574 0.0251731872559 0.018985748291 0.0166664123535 0.0141258239746 0.0144119262695 0.0144233703613 0.0124626159668 0.0315361022949 0.307376861572 01
0.0358123779297 0.0139961242676 0.0132904052734 0.0138626098633 0.0147514343262 0.0161819458008 0.0186462402344 0.0229606628418 0.0268516540527 0.0334167480469 0.0404090881348 0.0473976135254 0.0485038757324 0.0472564697266 0.0409507751465 0.0344924926758 0.0280914306641 0.0239219665527 0.0200119018555 0.018310546875 0.0166511535645 0.0172691345215 0.0167236328125 0.0138549804688 0.0408630371094 0.335521697998 01
0.034107208252 0.0152015686035 0.0133171081543 0.0132751464844 0.013111114502 0.0151863098145 0.0170249938965 0.0214004516602 0.0270309448242 0.034107208252 0.0414619445801 0.0509796142578 0.0527153015137 0.0500221252441 0.0418739318848 0.0337867736816 0.0276947021484 0.0232543945312 0.0182838439941 0.0167808532715 0.0148544311523 0.0152931213379 0.0158271789551 0.0146903991699 0.0388412475586 0.339878082275 01
0.021125793457 0.0132293701172 0.00995254516602 0.00904846191406 0.00997543334961 0.0123710632324 0.0152549743652 0.022045135498 0.0290298461914 0.0398445129395 0.0509757995605 0.0647773742676 0.0670967102051 0.0667495727539 0.0527267456055 0.0395927429199 0.030143737793 0.0234794616699 0.0175895690918 0.0148963928223 0.0123863220215 0.0132064819336 0.0131530761719 0.0122985839844 0.0274124145508 0.311637878418 01
0.0247421264648 0.0141487121582 0.0106315612793 0.0103034973145 0.0103950500488 0.0128746032715 0.0154838562012 0.0205688476562 0.0273094177246 0.0362892150879 0.0456504821777 0.0573081970215 0.0600547790527 0.061164855957 0.0508232116699 0.0395927429199 0.0309104919434 0.0241050720215 0.0180931091309 0.0155220031738 0.0133857727051 0.0135612487793 0.0143051147461 0.0134506225586 0.0317192077637 0.327606201172 01
0.0332984924316 0.0176391601562 0.0136528015137 0.012809753418 0.0123901367188 0.0138092041016 0.0154838562012 0.0199508666992 0.0229873657227 0.0285339355469 0.0343627929688 0.0392112731934 0.0387916564941 0.0392417907715 0.0348091125488 0.030330657959 0.0251808166504 0.0217742919922 0.0174522399902 0.0169067382812 0.0158348083496 0.0169067382812 0.0184020996094 0.0169334411621 0.0453643798828 0.397941589355 01
0.0311164855957 0.0202980041504 0.013786315918 0.0115852355957 0.0108032226562 0.01171875 0.013069152832 0.0172004699707 0.0212593078613 0.0255355834961 0.0293045043945 0.0340423583984 0.0341606140137 0.034236907959 0.0302124023438 0.0266418457031 0.0222587585449 0.0196304321289 0.0161895751953 0.0153274536133 0.0145301818848 0.0166206359863 0.019474029541 0.0194892883301 0.0440902709961 0.447418212891 01
0.024341583252 0.0156784057617 0.0119361877441 0.0104217529297 0.010311126709 0.0123596191406 0.0142555236816 0.0193939208984 0.0254211425781 0.0336799621582 0.0396919250488 0.0495262145996 0.0496597290039 0.0521392822266 0.0425415039062 0.035572052002 0.0265769958496 0.0220413208008 0.0168533325195 0.0140571594238 0.0130004882812 0.0140037536621 0.0155868530273 0.0151519775391 0.0327529907227 0.383045196533 01
0.0268287658691 0.0144081115723 0.0112762451172 0.0105323791504 0.0109100341797 0.0140647888184 0.0162582397461 0.0220489501953 0.0285797119141 0.0361633300781 0.0441551208496 0.0537872314453 0.0562210083008 0.0570869445801 0.0486259460449 0.0391426086426 0.0311241149902 0.0242309570312 0.019115447998 0.0160713195801 0.0139961242676 0.0137138366699 0.0141067504883 0.0134086608887 0.0319938659668 0.332149505615 01
0.0426063537598 0.0174903869629 0.0142440795898 0.0134429931641 0.0130920410156 0.0145950317383 0.0163459777832 0.0194931030273 0.0223350524902 0.0262184143066 0.0298080444336 0.0339508056641 0.034610748291 0.0351333618164 0.0307579040527 0.0278930664062 0.0233116149902 0.0205039978027 0.0175094604492 0.0159492492676 0.0147857666016 0.0163688659668 0.0183486938477 0.0177879333496 0.0468101501465 0.416606903076 01
0.0492324829102 0.0174407958984 0.0160369873047 0.0162506103516 0.0160102844238 0.0171585083008 0.0181999206543 0.0199813842773 0.0225639343262 0.0250587463379 0.0289764404297 0.0315551757812 0.0320663452148 0.0312194824219 0.0279808044434 0.0248489379883 0.0218315124512 0.0186805725098 0.0175971984863 0.0162353515625 0.0153274536133 0.0174102783203 0.0191078186035 0.0186920166016 0.0503921508789 0.410144805908 01
0.0357398986816 0.0184059143066 0.013729095459 0.0126609802246 0.0121879577637 0.0136756896973 0.0154914855957 0.0192337036133 0.0230407714844 0.0271835327148 0.0313911437988 0.0356254577637 0.0351371765137 0.0346794128418 0.0316047668457 0.028076171875 0.0237045288086 0.0204429626465 0.0164413452148 0.0156784057617 0.0140647888184 0.0158386230469 0.0188140869141 0.0188255310059 0.0458183288574 0.422508239746 01
0.0318756103516 0.0214157104492 0.0143203735352 0.0113105773926 0.00959014892578 0.0103912353516 0.0120124816895 0.0155143737793 0.0196723937988 0.0238571166992 0.0273666381836 0.032543182373 0.0311241149902 0.0315971374512 0.0287170410156 0.0244827270508 0.0212135314941 0.0182914733887 0.0147132873535 0.0137977600098 0.0132331848145 0.0158767700195 0.0199546813965 0.0207481384277 0.0452308654785 0.47114944458 01
0.0235443115234 0.0145225524902 0.0119247436523 0.0109405517578 0.0113067626953 0.0137748718262 0.0153732299805 0.0209693908691 0.0269393920898 0.0349655151367 0.0437202453613 0.0529632568359 0.0542411804199 0.0534400939941 0.0463104248047 0.0378494262695 0.0291557312012 0.0250015258789 0.0174789428711 0.0151824951172 0.0139312744141 0.014575958252 0.0151519775391 0.0133171081543 0.033561706543 0.349857330322 01
0.0261192321777 0.0138626098633 0.0113983154297 0.0110702514648 0.012035369873 0.0144577026367 0.0167694091797 0.0225257873535 0.0288772583008 0.0370979309082 0.0458602905273 0.055778503418 0.055793762207 0.0551605224609 0.0478363037109 0.0387382507324 0.0310478210449 0.0259437561035 0.0188980102539 0.0168037414551 0.0149574279785 0.0149841308594 0.0149383544922 0.0130462646484 0.0342292785645 0.321769714355 01
0.0298538208008 0.0155639648438 0.0126457214355 0.0122909545898 0.0127983093262 0.0146369934082 0.0167083740234 0.0220184326172 0.0266227722168 0.033805847168 0.0382995605469 0.045352935791 0.0447883605957 0.0445022583008 0.0389709472656 0.0327033996582 0.026611328125 0.0227661132812 0.0186004638672 0.017162322998 0.015266418457 0.016056060791 0.0173797607422 0.0158538818359 0.0405807495117 0.368160247803 01
0.0342674255371 0.0162010192871 0.0135841369629 0.0136184692383 0.0143928527832 0.0156517028809 0.0166091918945 0.0204200744629 0.0250549316406 0.0299301147461 0.0347633361816 0.0410995483398 0.0415229797363 0.0414695739746 0.0364189147949 0.031192779541 0.0266761779785 0.0234107971191 0.0191612243652 0.0180397033691 0.0163612365723 0.0177612304688 0.0176086425781 0.0160751342773 0.0441017150879 0.374607086182 01
0.036678314209 0.0160369873047 0.0144577026367 0.0150566101074 0.0150985717773 0.0166091918945 0.0182952880859 0.021369934082 0.0250358581543 0.0305557250977 0.0349388122559 0.0415382385254 0.0433731079102 0.0419502258301 0.0367088317871 0.0310020446777 0.0260353088379 0.0230102539062 0.0192337036133 0.0173645019531 0.0159225463867 0.0168571472168 0.0176811218262 0.0163536071777 0.0438690185547 0.364967346191 01
0.0299491882324 0.0148887634277 0.0121574401855 0.0119438171387 0.012825012207 0.0149383544922 0.0173416137695 0.0217361450195 0.0266380310059 0.0332946777344 0.040699005127 0.0498008728027 0.0508155822754 0.050651550293 0.0441207885742 0.0364303588867 0.028507232666 0.0242805480957 0.0188751220703 0.0171546936035 0.0151062011719 0.0152816772461 0.0167274475098 0.0140151977539 0.0383567810059 0.343463897705 01
0.0317459106445 0.0208625793457 0.0142440795898 0.0120391845703 0.0107002258301 0.0119209289551 0.012825012207 0.0166625976562 0.0205116271973 0.0249519348145 0.0276832580566 0.0331916809082 0.0317306518555 0.0330009460449 0.02978515625 0.0263671875 0.0222434997559 0.0198402404785 0.0157699584961 0.0154571533203 0.0147895812988 0.0170021057129 0.0206985473633 0.0202598571777 0.0465469360352 0.449169158936 01
0.0337600708008 0.0178756713867 0.0150184631348 0.0144691467285 0.0143928527832 0.0165367126465 0.0176200866699 0.0208320617676 0.024284362793 0.0286712646484 0.0326385498047 0.0393600463867 0.0389938354492 0.0372085571289 0.0328369140625 0.0281829833984 0.0244598388672 0.021556854248 0.0182609558105 0.0175476074219 0.0160713195801 0.0172538757324 0.0189590454102 0.0179710388184 0.0445022583008 0.390735626221 01
0.0305557250977 0.0176658630371 0.0131072998047 0.0123901367188 0.0125541687012 0.0143775939941 0.0154228210449 0.0195922851562 0.0237998962402 0.0297966003418 0.0354080200195 0.0421981811523 0.040657043457 0.0406951904297 0.035228729248 0.0299186706543 0.024772644043 0.0215682983398 0.0176124572754 0.0169639587402 0.0158538818359 0.0172119140625 0.0183601379395 0.016902923584 0.0444946289062 0.392890930176 01
0.0305023193359 0.0196762084961 0.0137901306152 0.0116958618164 0.0110092163086 0.0122909545898 0.0137367248535 0.0176734924316 0.0213661193848 0.0264778137207 0.0313568115234 0.0377464294434 0.0373306274414 0.0367965698242 0.0314407348633 0.0274314880371 0.0229110717773 0.0197944641113 0.0156517028809 0.0153694152832 0.0148544311523 0.016902923584 0.0194816589355 0.0188827514648 0.0440254211426 0.431804656982 01
0.0208740234375 0.0136871337891 0.0103721618652 0.00987243652344 0.00951766967773 0.0112266540527 0.014102935791 0.0194053649902 0.0272102355957 0.036449432373 0.0483894348145 0.0631523132324 0.0669784545898 0.0658302307129 0.0521087646484 0.0407676696777 0.0294532775879 0.023853302002 0.0170555114746 0.0142555236816 0.0123710632324 0.0125617980957 0.0136070251465 0.012279510498 0.0286674499512 0.325950622559 01
0.0245246887207 0.0131645202637 0.0104331970215 0.0100517272949 0.0107383728027 0.0133666992188 0.0157775878906 0.0215721130371 0.0280303955078 0.0374984741211 0.0477867126465 0.0633697509766 0.0659980773926 0.0658760070801 0.0535049438477 0.0411911010742 0.0311050415039 0.0245132446289 0.0182952880859 0.0157012939453 0.0131721496582 0.0133514404297 0.013843536377 0.0121116638184 0.0297927856445 0.305229187012 01
0.0382347106934 0.0154876708984 0.0132942199707 0.0130386352539 0.013671875 0.0155029296875 0.0177688598633 0.0217437744141 0.025089263916 0.0301475524902 0.0347557067871 0.0395622253418 0.0412826538086 0.0432090759277 0.0379447937012 0.0334701538086 0.0272979736328 0.0233726501465 0.018913269043 0.0173645019531 0.0154266357422 0.0166778564453 0.0172119140625 0.0152969360352 0.0421905517578 0.372043609619 01
0.0443000793457 0.0165138244629 0.0151748657227 0.0163269042969 0.0165901184082 0.0183563232422 0.0194396972656 0.0227355957031 0.02392578125 0.0275268554688 0.0314102172852 0.0337104797363 0.0339393615723 0.0321846008301 0.0287437438965 0.025707244873 0.0232086181641 0.0200843811035 0.0176963806152 0.017822265625 0.0168609619141 0.0178871154785 0.0190811157227 0.0181427001953 0.0498809814453 0.392749786377 01
0.0210914611816 0.0129432678223 0.00971221923828 0.00936889648438 0.00972747802734 0.0122375488281 0.0152969360352 0.0212745666504 0.0283126831055 0.0376815795898 0.047435760498 0.0627937316895 0.0629234313965 0.06396484375 0.051441192627 0.0414543151855 0.029857635498 0.0238876342773 0.0172653198242 0.0146331787109 0.0129585266113 0.0128135681152 0.0137481689453 0.0121917724609 0.0318336486816 0.323150634766 01
0.0219612121582 0.0124778747559 0.00991058349609 0.00988388061523 0.0106773376465 0.0133743286133 0.0156860351562 0.0208549499512 0.0283432006836 0.0378379821777 0.0509757995605 0.0677337646484 0.0731163024902 0.0724639892578 0.0568923950195 0.0425910949707 0.0304374694824 0.0246353149414 0.017765045166 0.0153388977051 0.0132789611816 0.0132293701172 0.0126113891602 0.0111808776855 0.0289115905762 0.287830352783 01
0.0271873474121 0.0151062011719 0.0115776062012 0.0106086730957 0.0109214782715 0.0130767822266 0.0150680541992 0.0203895568848 0.0262794494629 0.0343780517578 0.042911529541 0.053882598877 0.0535583496094 0.0541801452637 0.0455894470215 0.0356140136719 0.0279731750488 0.0235977172852 0.0173835754395 0.0158195495605 0.0145301818848 0.0154228210449 0.0163230895996 0.0141716003418 0.0377159118652 0.346733093262 01
0.0251235961914 0.0167007446289 0.0119285583496 0.0103225708008 0.00927734375 0.0115280151367 0.0137062072754 0.0185966491699 0.0246963500977 0.0332489013672 0.0390357971191 0.0481300354004 0.0466079711914 0.0478286743164 0.0405197143555 0.0326614379883 0.0258560180664 0.0209693908691 0.0158996582031 0.0147743225098 0.0132865905762 0.0151100158691 0.0168952941895 0.0161781311035 0.0390625 0.392055511475 01
0.0212783813477 0.0141448974609 0.0107727050781 0.00930404663086 0.00959396362305 0.0112342834473 0.013542175293 0.0189895629883 0.0257987976074 0.0348434448242 0.0436897277832 0.0559997558594 0.0562705993652 0.059928894043 0.0490798950195 0.040699005127 0.0286445617676 0.0230827331543 0.0152969360352 0.0129661560059 0.0116424560547 0.0123672485352 0.013801574707 0.0135269165039 0.0314254760742 0.362075805664 01
0.0234375 0.0135650634766 0.0105247497559 0.0100021362305 0.0101509094238 0.0125503540039 0.0152359008789 0.0212554931641 0.0278129577637 0.0367240905762 0.0460510253906 0.0573539733887 0.0599594116211 0.0594635009766 0.0507621765137 0.0406150817871 0.0304985046387 0.0242881774902 0.0178184509277 0.014232635498 0.0127143859863 0.0126152038574 0.0132446289062 0.0128211975098 0.030834197998 0.335468292236 01
0.0386161804199 0.0157318115234 0.013786315918 0.0131492614746 0.0129776000977 0.0143356323242 0.016040802002 0.0195465087891 0.0239105224609 0.0299644470215 0.0374984741211 0.0462188720703 0.0499153137207 0.0473136901855 0.0408515930176 0.0324172973633 0.0255241394043 0.0204849243164 0.0167846679688 0.0159111022949 0.014217376709 0.0154190063477 0.01611328125 0.0158386230469 0.0413284301758 0.366104125977 01
0.0424690246582 0.0177116394043 0.0146675109863 0.0137710571289 0.0133056640625 0.0138282775879 0.0147552490234 0.0173034667969 0.0204200744629 0.0251197814941 0.0310249328613 0.038215637207 0.0396041870117 0.0406265258789 0.0330352783203 0.0265312194824 0.0219459533691 0.01806640625 0.014949798584 0.0145797729492 0.0133972167969 0.0154762268066 0.0174865722656 0.0182342529297 0.0458526611328 0.417621612549 01
0.0282173156738 0.0152740478516 0.0111465454102 0.0105133056641 0.0106239318848 0.0129432678223 0.0154113769531 0.0206604003906 0.0258750915527 0.0341415405273 0.0413970947266 0.0503463745117 0.0512580871582 0.0505905151367 0.043643951416 0.0345458984375 0.0273818969727 0.0217895507812 0.0172309875488 0.0147933959961 0.0135116577148 0.0140113830566 0.015754699707 0.0149955749512 0.037425994873 0.366516113281 01
0.0258407592773 0.0172691345215 0.0124320983887 0.00985336303711 0.00902938842773 0.0108184814453 0.0129013061523 0.0178680419922 0.0236587524414 0.0309295654297 0.0368766784668 0.0442314147949 0.0440902709961 0.0437088012695 0.038215637207 0.0311279296875 0.0249099731445 0.0209465026855 0.0159111022949 0.0143775939941 0.0125312805176 0.0142784118652 0.0161361694336 0.0171585083008 0.0367736816406 0.418125152588 01
0.0200462341309 0.0129547119141 0.00998306274414 0.00924682617188 0.00945663452148 0.011116027832 0.0132789611816 0.019660949707 0.0263137817383 0.0369567871094 0.0472106933594 0.0626487731934 0.064323425293 0.0659294128418 0.0537796020508 0.0430107116699 0.0305023193359 0.0242729187012 0.0160713195801 0.0136337280273 0.0114669799805 0.0120277404785 0.0130157470703 0.0118255615234 0.0306205749512 0.330646514893 01
0.0211982727051 0.0120544433594 0.00948333740234 0.00968551635742 0.0102005004883 0.0131187438965 0.0151329040527 0.0213241577148 0.0284156799316 0.0381469726562 0.0492477416992 0.0690727233887 0.0718154907227 0.0733680725098 0.0575637817383 0.0431671142578 0.0314102172852 0.0246925354004 0.0172576904297 0.0146484375 0.0126533508301 0.0125198364258 0.0126457214355 0.0114250183105 0.0284690856934 0.291282653809 01
0.0277862548828 0.0149841308594 0.0120544433594 0.0118560791016 0.0116081237793 0.0135116577148 0.0146865844727 0.0187110900879 0.0237350463867 0.032112121582 0.0418128967285 0.056095123291 0.0590858459473 0.0582160949707 0.0465087890625 0.0348815917969 0.0262184143066 0.0214729309082 0.0168266296387 0.0160064697266 0.0146522521973 0.0155143737793 0.0159721374512 0.0147094726562 0.0376586914062 0.343322753906 01
0.0294647216797 0.0134696960449 0.0124435424805 0.0133743286133 0.013427734375 0.0141334533691 0.0155410766602 0.0194664001465 0.0242233276367 0.0331649780273 0.0451354980469 0.0633850097656 0.0721282958984 0.0697059631348 0.0520210266113 0.0365524291992 0.0271377563477 0.0222320556641 0.017749786377 0.0159645080566 0.0147285461426 0.0151214599609 0.0143737792969 0.0127182006836 0.033992767334 0.298343658447 01
0.029842376709 0.0149078369141 0.0132255554199 0.0127754211426 0.012508392334 0.0137557983398 0.0159378051758 0.0200080871582 0.0249061584473 0.0335922241211 0.0430717468262 0.0574989318848 0.0625152587891 0.0596885681152 0.0480995178223 0.0356330871582 0.0279388427734 0.0219383239746 0.0185585021973 0.0165023803711 0.0143280029297 0.0147285461426 0.015079498291 0.0137138366699 0.0347480773926 0.3244972229 01
0.0245552062988 0.0137405395508 0.0105209350586 0.0101013183594 0.010669708252 0.0132789611816 0.0158729553223 0.0223388671875 0.0288772583008 0.0372924804688 0.0473098754883 0.058219909668 0.0587005615234 0.0583763122559 0.0500907897949 0.0404968261719 0.0316848754883 0.0253295898438 0.0190162658691 0.0167808532715 0.0146713256836 0.0140075683594 0.0142593383789 0.012378692627 0.0331153869629 0.318313598633 01
0.0253829956055 0.0166206359863 0.012020111084 0.0106582641602 0.0101432800293 0.0121650695801 0.0140266418457 0.0198173522949 0.0253791809082 0.0326995849609 0.0381774902344 0.0459518432617 0.0437355041504 0.0440254211426 0.0395278930664 0.0324096679688 0.0268783569336 0.0223121643066 0.0171203613281 0.015682220459 0.014217376709 0.0150413513184 0.0165023803711 0.0160903930664 0.0385513305664 0.394863128662 01
0.0300750732422 0.016975402832 0.0133247375488 0.0123329162598 0.0127296447754 0.0142974853516 0.0155181884766 0.0196571350098 0.0242309570312 0.0305366516113 0.0372428894043 0.0474243164062 0.0483551025391 0.0486145019531 0.0389747619629 0.0311088562012 0.024299621582 0.0204963684082 0.0162963867188 0.0154991149902 0.0142517089844 0.0155906677246 0.0175323486328 0.0167236328125 0.0404014587402 0.377510070801 01
0.0280227661133 0.0154991149902 0.0121650695801 0.0110893249512 0.0117492675781 0.0140800476074 0.0158271789551 0.0219192504883 0.0270156860352 0.0348358154297 0.0401382446289 0.0494041442871 0.0478897094727 0.0476951599121 0.0414657592773 0.0327110290527 0.0265350341797 0.0215721130371 0.0169410705566 0.0156478881836 0.0143089294434 0.015682220459 0.0168342590332 0.0157356262207 0.0404815673828 0.364753723145 01
0.0273170471191 0.0182838439941 0.0128326416016 0.0107002258301 0.010181427002 0.0117645263672 0.0141143798828 0.0190010070801 0.0243759155273 0.0307159423828 0.0359001159668 0.0420455932617 0.0403785705566 0.0401039123535 0.0353736877441 0.0292778015137 0.0240325927734 0.0203742980957 0.0161781311035 0.0155029296875 0.0142707824707 0.0157203674316 0.0182609558105 0.0175552368164 0.0415115356445 0.414226531982 01
0.0193481445312 0.0127296447754 0.00960540771484 0.00907516479492 0.00978088378906 0.0122871398926 0.0138244628906 0.0203399658203 0.0278739929199 0.0380249023438 0.0485954284668 0.062931060791 0.0656394958496 0.0663452148438 0.0533065795898 0.0435409545898 0.0313186645508 0.0252380371094 0.0168418884277 0.014030456543 0.0120506286621 0.0123748779297 0.0131492614746 0.0112762451172 0.0290260314941 0.321445465088 01
0.0218658447266 0.0114974975586 0.00982666015625 0.00970077514648 0.0104637145996 0.0127372741699 0.0162048339844 0.0234489440918 0.0307960510254 0.0410041809082 0.0530204772949 0.0668296813965 0.071044921875 0.0722045898438 0.056999206543 0.0431823730469 0.0323181152344 0.0255241394043 0.0178184509277 0.0150375366211 0.0126113891602 0.0121383666992 0.0123863220215 0.0106582641602 0.0279388427734 0.282741546631 01
0.0334091186523 0.0132255554199 0.012523651123 0.0134353637695 0.0141983032227 0.015552520752 0.0175437927246 0.0208320617676 0.0261764526367 0.0334968566895 0.0427093505859 0.0576400756836 0.0615768432617 0.0596771240234 0.0482711791992 0.0370712280273 0.0282363891602 0.0229454040527 0.0188407897949 0.0177726745605 0.0155639648438 0.0155181884766 0.014965057373 0.0128898620605 0.0364799499512 0.309448242188 01
0.0340995788574 0.0168304443359 0.0131454467773 0.0125160217285 0.0128173828125 0.0131568908691 0.0151252746582 0.0182189941406 0.0223846435547 0.0290298461914 0.0371856689453 0.0484313964844 0.0506019592285 0.0512390136719 0.0405540466309 0.0305404663086 0.0232810974121 0.0192985534668 0.0158462524414 0.015007019043 0.0142288208008 0.0158805847168 0.0174102783203 0.0157775878906 0.0417976379395 0.375595092773 01
0.0206871032715 0.013069152832 0.00961303710938 0.00885009765625 0.0089111328125 0.0111618041992 0.0139999389648 0.0204582214355 0.029052734375 0.0400695800781 0.0523872375488 0.067569732666 0.0670738220215 0.0653419494629 0.051929473877 0.0394477844238 0.0287666320801 0.022289276123 0.0164642333984 0.0147171020508 0.0121803283691 0.0125885009766 0.0136795043945 0.0121955871582 0.0298233032227 0.317672729492 01
0.0195350646973 0.0114364624023 0.00898742675781 0.00850677490234 0.00925064086914 0.0121459960938 0.0155220031738 0.0221939086914 0.0302734375 0.0438117980957 0.0570030212402 0.0747108459473 0.075756072998 0.0722351074219 0.0565719604492 0.0416259765625 0.0310363769531 0.0238456726074 0.0174179077148 0.0148506164551 0.012565612793 0.0120887756348 0.0123596191406 0.0113143920898 0.0269203186035 0.278034210205 01
0.0242118835449 0.012882232666 0.0103187561035 0.0104560852051 0.0108871459961 0.0139656066895 0.0167274475098 0.0228652954102 0.0292282104492 0.0380783081055 0.0485725402832 0.0616989135742 0.0620536804199 0.0609931945801 0.0508270263672 0.0398025512695 0.0306129455566 0.0249900817871 0.0190467834473 0.0165367126465 0.0140647888184 0.0143852233887 0.0146751403809 0.0124168395996 0.0336647033691 0.306037902832 01
0.024341583252 0.0169715881348 0.0110511779785 0.00963592529297 0.00906372070312 0.0113334655762 0.0133056640625 0.0177726745605 0.023853302002 0.0312805175781 0.0380020141602 0.0478134155273 0.0472373962402 0.0487785339355 0.0419921875 0.0341148376465 0.0268936157227 0.0226402282715 0.0167121887207 0.0149269104004 0.0128517150879 0.0145721435547 0.0167922973633 0.015998840332 0.0383224487305 0.393741607666 01
0.0206413269043 0.0132713317871 0.00958633422852 0.00819778442383 0.00826644897461 0.0107955932617 0.0142707824707 0.0199279785156 0.0285453796387 0.0391082763672 0.0514945983887 0.064208984375 0.0668869018555 0.0654678344727 0.0531196594238 0.0403518676758 0.0305061340332 0.023681640625 0.0164833068848 0.0136947631836 0.0112724304199 0.0114555358887 0.0119361877441 0.0119514465332 0.0278282165527 0.327049255371 01
0.0228614807129 0.0121231079102 0.00947952270508 0.00895309448242 0.00967407226562 0.0124320983887 0.01611328125 0.022647857666 0.0299835205078 0.0403327941895 0.0519676208496 0.0651435852051 0.0698928833008 0.068172454834 0.0557441711426 0.0430068969727 0.0310173034668 0.0241317749023 0.0173149108887 0.0144844055176 0.0115203857422 0.0118980407715 0.0128326416016 0.0119285583496 0.0276870727539 0.298656463623 01
0.0376853942871 0.0148010253906 0.0129737854004 0.0128860473633 0.0135345458984 0.0157699584961 0.0180130004883 0.0216484069824 0.0259284973145 0.0310440063477 0.0380630493164 0.0452919006348 0.04638671875 0.0463333129883 0.038818359375 0.0313949584961 0.0251045227051 0.0206069946289 0.0166625976562 0.0147819519043 0.0139694213867 0.015064239502 0.0167274475098 0.0160598754883 0.0424346923828 0.368015289307 01
0.0414924621582 0.0146980285645 0.0138511657715 0.013801574707 0.0148239135742 0.0168228149414 0.0187721252441 0.022705078125 0.0255432128906 0.0306968688965 0.0361137390137 0.0423965454102 0.0449256896973 0.0419578552246 0.0362319946289 0.0297355651855 0.0245704650879 0.0207633972168 0.017879486084 0.0156097412109 0.0143775939941 0.0150032043457 0.0161094665527 0.0166091918945 0.0421714782715 0.372337341309 01
0.0259475708008 0.014289855957 0.0107078552246 0.00962829589844 0.0104637145996 0.0126152038574 0.0158576965332 0.0212135314941 0.0279121398926 0.036434173584 0.0457000732422 0.0564498901367 0.0571403503418 0.0568504333496 0.0480422973633 0.0373191833496 0.0292282104492 0.0231552124023 0.0174255371094 0.0149230957031 0.0128211975098 0.0136451721191 0.0146293640137 0.0134162902832 0.0351943969727 0.338989257812 01
0.0262222290039 0.0186386108398 0.0127563476562 0.00984573364258 0.00889205932617 0.0104637145996 0.0120429992676 0.0168991088867 0.0218505859375 0.0281791687012 0.0338897705078 0.0409812927246 0.0392837524414 0.0404357910156 0.0353927612305 0.0291633605957 0.0238380432129 0.0200462341309 0.0149116516113 0.0140533447266 0.012882232666 0.0151443481445 0.0184478759766 0.0185546875 0.0419502258301 0.435234069824 01
0.0196647644043 0.0121994018555 0.0092887878418 0.00859451293945 0.00883483886719 0.0115242004395 0.014575958252 0.0214500427246 0.0303382873535 0.0419387817383 0.0548477172852 0.070369720459 0.0721969604492 0.0689659118652 0.0555610656738 0.0429725646973 0.0318069458008 0.0242385864258 0.0172080993652 0.0146293640137 0.0120697021484 0.0116844177246 0.0126075744629 0.0111961364746 0.0291061401367 0.292129516602 01
0.0213584899902 0.0116806030273 0.00924682617188 0.00942993164062 0.010196685791 0.0129928588867 0.0158843994141 0.0214347839355 0.0288429260254 0.0404090881348 0.0537490844727 0.0710868835449 0.0731582641602 0.0727996826172 0.0573768615723 0.0422172546387 0.030445098877 0.0243606567383 0.0176086425781 0.0148124694824 0.0126800537109 0.0126075744629 0.0129699707031 0.0111351013184 0.0289421081543 0.282573699951 01
0.0238342285156 0.0130310058594 0.0106315612793 0.010425567627 0.011890411377 0.0142555236816 0.0167121887207 0.0220108032227 0.0285186767578 0.0370674133301 0.0463600158691 0.0604820251465 0.0619812011719 0.060718536377 0.0488204956055 0.0376815795898 0.0278587341309 0.0231323242188 0.0170593261719 0.015682220459 0.0141067504883 0.0142860412598 0.0153198242188 0.0132713317871 0.0343551635742 0.320507049561 01
0.0302696228027 0.0126190185547 0.0115242004395 0.0123901367188 0.0137977600098 0.0159072875977 0.0168228149414 0.0214347839355 0.0267181396484 0.0356903076172 0.0455169677734 0.0605010986328 0.0648612976074 0.0637855529785 0.0500869750977 0.0374374389648 0.0291557312012 0.0237503051758 0.0185470581055 0.0168533325195 0.0147247314453 0.0143890380859 0.0146064758301 0.0127563476562 0.0347061157227 0.301147460938 01
0.0312957763672 0.0128631591797 0.0113906860352 0.0121459960938 0.0140991210938 0.0164413452148 0.0184593200684 0.0229530334473 0.0284461975098 0.0361595153809 0.0472602844238 0.0615348815918 0.0677871704102 0.0636787414551 0.0490455627441 0.0356903076172 0.0269927978516 0.0233116149902 0.0185661315918 0.0170249938965 0.0147895812988 0.0147972106934 0.0148162841797 0.0131759643555 0.0333557128906 0.293918609619 01
0.0238914489746 0.0121726989746 0.00926208496094 0.00906753540039 0.0105895996094 0.0135650634766 0.0172004699707 0.0241775512695 0.0321846008301 0.0416679382324 0.051441192627 0.0651054382324 0.0637245178223 0.0642890930176 0.0531044006348 0.042064666748 0.0317077636719 0.0248832702637 0.0183296203613 0.0160446166992 0.013614654541 0.0137939453125 0.0137214660645 0.0117301940918 0.031982421875 0.290683746338 01
0.0251235961914 0.0172920227051 0.0116233825684 0.00992584228516 0.00901412963867 0.0109367370605 0.0118713378906 0.0168952941895 0.0228500366211 0.0297737121582 0.0358009338379 0.0456123352051 0.0438079833984 0.0460586547852 0.0406646728516 0.0327796936035 0.0256118774414 0.0219078063965 0.0157127380371 0.0149688720703 0.0137367248535 0.0159072875977 0.0177688598633 0.016429901123 0.0414543151855 0.406471252441 01
0.0275993347168 0.0144882202148 0.0122375488281 0.0118026733398 0.0127143859863 0.0151176452637 0.0179252624512 0.022876739502 0.0285377502441 0.0363388061523 0.0444030761719 0.0545501708984 0.055419921875 0.0537071228027 0.0423049926758 0.0345001220703 0.0274696350098 0.0223045349121 0.0180778503418 0.0156593322754 0.0140113830566 0.0150604248047 0.0158462524414 0.0149993896484 0.0358123779297 0.336235046387 01
0.026294708252 0.0148963928223 0.0114555358887 0.010570526123 0.0110778808594 0.0133934020996 0.0156707763672 0.0210990905762 0.0268020629883 0.0344696044922 0.042552947998 0.0532417297363 0.0508193969727 0.0506935119629 0.0420951843262 0.0347747802734 0.0275230407715 0.022762298584 0.0175743103027 0.0162696838379 0.0142974853516 0.0154685974121 0.0164527893066 0.0147361755371 0.039379119873 0.355628967285 01
0.0247955322266 0.0171051025391 0.0118370056152 0.0100555419922 0.00929641723633 0.0112152099609 0.0128746032715 0.0176200866699 0.0237503051758 0.032039642334 0.038501739502 0.0490570068359 0.0483741760254 0.048885345459 0.0425262451172 0.0343437194824 0.0271186828613 0.0221672058105 0.0166320800781 0.0151405334473 0.0136566162109 0.015308380127 0.0166511535645 0.0153541564941 0.038818359375 0.386875152588 01
0.0174446105957 0.0108642578125 0.00813293457031 0.00769424438477 0.0080680847168 0.0105628967285 0.0134391784668 0.020320892334 0.0294532775879 0.0427284240723 0.0590400695801 0.077335357666 0.0817604064941 0.0798225402832 0.0619926452637 0.0456352233887 0.0324592590332 0.0241394042969 0.0165252685547 0.0135383605957 0.0113754272461 0.0108261108398 0.0108985900879 0.00990295410156 0.0241737365723 0.271865844727 01
0.0214424133301 0.0117378234863 0.00875854492188 0.00859069824219 0.00980758666992 0.0125923156738 0.0159111022949 0.0231018066406 0.0317649841309 0.0424423217773 0.0536308288574 0.0694694519043 0.0710220336914 0.0700531005859 0.0575294494629 0.0432014465332 0.0317764282227 0.0251121520996 0.0186080932617 0.015697479248 0.012825012207 0.0126991271973 0.0120811462402 0.0112915039062 0.0292282104492 0.279624938965 01
0.0316390991211 0.0129547119141 0.0113410949707 0.0112915039062 0.0127754211426 0.0161094665527 0.0183563232422 0.0242080688477 0.0293579101562 0.0368576049805 0.0443725585938 0.0544052124023 0.0556449890137 0.055850982666 0.0453681945801 0.0349884033203 0.0285224914551 0.0237159729004 0.0187149047852 0.0166130065918 0.0149002075195 0.0153732299805 0.015739440918 0.0134315490723 0.0385131835938 0.318954467773 01
0.035472869873 0.0146141052246 0.0130386352539 0.0138549804688 0.0151100158691 0.0171203613281 0.0187911987305 0.022274017334 0.0268898010254 0.0327377319336 0.0387687683105 0.047664642334 0.0498657226562 0.0471534729004 0.039249420166 0.0313873291016 0.0259895324707 0.0219841003418 0.0179901123047 0.0169296264648 0.0150947570801 0.0162467956543 0.016716003418 0.0151710510254 0.0417785644531 0.348106384277 01
0.0211944580078 0.0124893188477 0.00984954833984 0.00959014892578 0.0101470947266 0.0135498046875 0.0163040161133 0.0225410461426 0.0304794311523 0.0406036376953 0.0516891479492 0.0638389587402 0.0651054382324 0.0605773925781 0.0494728088379 0.0390319824219 0.0297164916992 0.0242614746094 0.0179786682129 0.0155563354492 0.013313293457 0.0131454467773 0.0136184692383 0.0119667053223 0.0290412902832 0.314937591553 01
0.0247268676758 0.0125503540039 0.0106163024902 0.0107460021973 0.0120811462402 0.0157928466797 0.0184555053711 0.0249519348145 0.0316352844238 0.0403671264648 0.0503120422363 0.0605583190918 0.0588912963867 0.056957244873 0.0460548400879 0.0377044677734 0.0304489135742 0.0250511169434 0.0194206237793 0.0175933837891 0.0153770446777 0.0147895812988 0.0145454406738 0.0126647949219 0.0327949523926 0.304912567139 01
0.0299835205078 0.0149993896484 0.0120162963867 0.0121192932129 0.0131874084473 0.015266418457 0.0172119140625 0.0237159729004 0.0283050537109 0.0348472595215 0.0403785705566 0.0482559204102 0.047046661377 0.046630859375 0.0412712097168 0.0338287353516 0.0271415710449 0.0231323242188 0.0179862976074 0.0165939331055 0.0154800415039 0.0157737731934 0.0167121887207 0.0148391723633 0.0400314331055 0.353244781494 01
0.0275688171387 0.0179862976074 0.0129432678223 0.0107383728027 0.01025390625 0.0118141174316 0.0142288208008 0.0185890197754 0.0238265991211 0.0300827026367 0.0346832275391 0.0410690307617 0.0396423339844 0.0399208068848 0.0347938537598 0.0293846130371 0.0234184265137 0.0204010009766 0.0158424377441 0.0151252746582 0.0140113830566 0.015510559082 0.0184288024902 0.0183448791504 0.0435752868652 0.417816162109 01
