0.036678314209 0.0160369873047 0.0144577026367 0.0150566101074 0.0150985717773 0.0166091918945 0.0182952880859 0.021369934082 0.0250358581543 0.0305557250977 0.0349388122559 0.0415382385254 0.0433731079102 0.0419502258301 0.0367088317871 0.0310020446777 0.0260353088379 0.0230102539062 0.0192337036133 0.0173645019531 0.0159225463867 0.0168571472168 0.0176811218262 0.0163536071777 0.0438690185547 0.364967346191 01
0.0234375 0.0135650634766 0.0105247497559 0.0100021362305 0.0101509094238 0.0125503540039 0.0152359008789 0.0212554931641 0.0278129577637 0.0367240905762 0.0460510253906 0.0573539733887 0.0599594116211 0.0594635009766 0.0507621765137 0.0406150817871 0.0304985046387 0.0242881774902 0.0178184509277 0.014232635498 0.0127143859863 0.0126152038574 0.0132446289062 0.0128211975098 0.030834197998 0.335468292236 01
0.0247268676758 0.0125503540039 0.0106163024902 0.0107460021973 0.0120811462402 0.0157928466797 0.0184555053711 0.0249519348145 0.0316352844238 0.0403671264648 0.0503120422363 0.0605583190918 0.0588912963867 0.056957244873 0.0460548400879 0.0377044677734 0.0304489135742 0.0250511169434 0.0194206237793 0.0175933837891 0.0153770446777 0.0147895812988 0.0145454406738 0.0126647949219 0.0327949523926 0.304912567139 01
0.0207633972168 0.0125503540039 0.010326385498 0.00931167602539 0.00970077514648 0.0121421813965 0.0153617858887 0.021541595459 0.0286979675293 0.0402336120605 0.0525512695312 0.0676040649414 0.0706596374512 0.0661888122559 0.052173614502 0.0391654968262 0.029125213623 0.0224380493164 0.0163154602051 0.0137939453125 0.0119705200195 0.0125617980957 0.0134010314941 0.012393951416 0.0279731750488 0.311054229736 01
0.0270233154297 0.0149612426758 0.011646270752 0.0117797851562 0.0120124816895 0.0144081115723 0.016529083252 0.021728515625 0.0284004211426 0.0353889465332 0.0430793762207 0.0519332885742 0.0503578186035 0.0491218566895 0.0431175231934 0.035572052002 0.0288047790527 0.0240631103516 0.0183486938477 0.0169868469238 0.0148277282715 0.0153541564941 0.0160827636719 0.0147514343262 0.0377311706543 0.345989227295 01
0.0246391296387 0.0174903869629 0.0112648010254 0.00968170166016 0.00861740112305 0.00994873046875 0.0115165710449 0.0168876647949 0.022331237793 0.0304794311523 0.0380897521973 0.0480346679688 0.0486717224121 0.0491790771484 0.0425071716309 0.0341758728027 0.0264358520508 0.021427154541 0.0155563354492 0.0140800476074 0.0125503540039 0.0141716003418 0.0170059204102 0.0160331726074 0.037425994873 0.401798248291 01
0.0238990783691 0.0125503540039 0.00956344604492 0.00917053222656 0.00993728637695 0.0125274658203 0.0152854919434 0.0209808349609 0.0283126831055 0.0389175415039 0.0504913330078 0.0641441345215 0.0663185119629 0.0682983398438 0.0555381774902 0.0420608520508 0.0316200256348 0.0241546630859 0.0178604125977 0.0150260925293 0.0130004882812 0.0131607055664 0.0133514404297 0.0118713378906 0.0304985046387 0.301460266113 01
0.0204010009766 0.0116386413574 0.0100440979004 0.00960159301758 0.00985717773438 0.0129585266113 0.015625 0.0227203369141 0.0308265686035 0.040714263916 0.050350189209 0.0629959106445 0.0632972717285 0.0639419555664 0.0515403747559 0.0416603088379 0.0309715270996 0.0261154174805 0.0178413391113 0.014762878418 0.0121688842773 0.0127182006836 0.0133094787598 0.0116996765137 0.0307350158691 0.311504364014 01
0.0247573852539 0.0106010437012 0.010498046875 0.0111351013184 0.0128326416016 0.0168151855469 0.0203819274902 0.0274314880371 0.0356788635254 0.0468711853027 0.0574226379395 0.0689392089844 0.0719337463379 0.068172454834 0.0568199157715 0.047061920166 0.037483215332 0.0301933288574 0.0224761962891 0.0182304382324 0.0143737792969 0.0125503540039 0.0113258361816 0.00911712646484 0.0276489257812 0.229248046875 01
0.0281066894531 0.0172462463379 0.0127334594727 0.0108299255371 0.0103607177734 0.0125503540039 0.0146827697754 0.0195045471191 0.0246391296387 0.0310935974121 0.0373306274414 0.0449295043945 0.0450630187988 0.0450210571289 0.0389442443848 0.0316886901855 0.0261039733887 0.0214347839355 0.0162200927734 0.0151748657227 0.0135383605957 0.0150871276855 0.0166435241699 0.0162963867188 0.0394477844238 0.395328521729 01
0.0238380432129 0.0130043029785 0.0101623535156 0.0101737976074 0.0107955932617 0.0138320922852 0.0168190002441 0.0223693847656 0.0288619995117 0.0393218994141 0.049446105957 0.061595916748 0.0623970031738 0.0610542297363 0.0503540039062 0.0393486022949 0.0303001403809 0.0239143371582 0.0176544189453 0.015453338623 0.012752532959 0.01318359375 0.0138969421387 0.0127868652344 0.0324630737305 0.314220428467 01
0.0216522216797 0.0109252929688 0.0102882385254 0.0109634399414 0.0125503540039 0.0148162841797 0.0176849365234 0.0231285095215 0.0295448303223 0.0417366027832 0.0574989318848 0.0775260925293 0.0860977172852 0.0793876647949 0.0604629516602 0.0437049865723 0.0326309204102 0.0254096984863 0.0195274353027 0.0156936645508 0.0134162902832 0.0128288269043 0.0116081237793 0.00923538208008 0.0241813659668 0.237499237061 02
0.0232162475586 0.0112838745117 0.0103034973145 0.0109214782715 0.0119781494141 0.0140686035156 0.017017364502 0.0222969055176 0.028636932373 0.0380744934082 0.0502090454102 0.068489074707 0.0787353515625 0.0795783996582 0.067268371582 0.050350189209 0.0375366210938 0.0275001525879 0.0200843811035 0.0161476135254 0.0129852294922 0.0118179321289 0.0108642578125 0.00907516479492 0.0244102478027 0.247150421143 02
0.0208435058594 0.0103302001953 0.0089111328125 0.00992965698242 0.0106925964355 0.012866973877 0.0139312744141 0.0176696777344 0.0240249633789 0.03466796875 0.0539398193359 0.0873413085938 0.109764099121 0.10412979126 0.0766143798828 0.0503578186035 0.0346908569336 0.0252113342285 0.0173149108887 0.0149116516113 0.011890411377 0.0110931396484 0.00956726074219 0.00712203979492 0.0238304138184 0.198352813721 02
0.0202331542969 0.0111656188965 0.00965881347656 0.00937652587891 0.010066986084 0.0125045776367 0.015739440918 0.022102355957 0.0299453735352 0.0408172607422 0.0553321838379 0.0741577148438 0.0832099914551 0.0809745788574 0.0659866333008 0.0503578186035 0.0365753173828 0.0266532897949 0.0182914733887 0.0146217346191 0.0111808776855 0.0107307434082 0.0103073120117 0.00899124145508 0.0224075317383 0.248611450195 02
0.0245056152344 0.00968170166016 0.00946426391602 0.0104103088379 0.0116882324219 0.0149192810059 0.0182838439941 0.0244216918945 0.0310020446777 0.0424728393555 0.0572395324707 0.0772819519043 0.0905151367188 0.0846138000488 0.0677757263184 0.0503540039062 0.0375595092773 0.0283737182617 0.0201683044434 0.0158843994141 0.0126495361328 0.011100769043 0.00981140136719 0.00819778442383 0.0253219604492 0.206302642822 02
0.0283203125 0.0113754272461 0.0118751525879 0.0130195617676 0.0135307312012 0.0155220031738 0.0180892944336 0.02197265625 0.028263092041 0.0379333496094 0.050350189209 0.0675964355469 0.0767478942871 0.0737915039062 0.0616569519043 0.0468215942383 0.0355491638184 0.0282974243164 0.0210838317871 0.0178451538086 0.0145874023438 0.0130615234375 0.0118141174316 0.00962066650391 0.0287399291992 0.242534637451 02
0.026985168457 0.0125503540039 0.0110664367676 0.0114135742188 0.0120887756348 0.0141296386719 0.0161094665527 0.0206642150879 0.0267944335938 0.0371589660645 0.0504760742188 0.0684776306152 0.0785827636719 0.0754470825195 0.0582122802734 0.0447425842285 0.0333251953125 0.0256958007812 0.0184440612793 0.0159378051758 0.0136642456055 0.0131759643555 0.0127067565918 0.0101661682129 0.0294609069824 0.262523651123 02
0.0192642211914 0.0104217529297 0.00922012329102 0.00936126708984 0.0100593566895 0.0125503540039 0.0140991210938 0.0192222595215 0.0256652832031 0.0369186401367 0.0571823120117 0.089900970459 0.108955383301 0.0990753173828 0.0675239562988 0.0454063415527 0.0312614440918 0.0226020812988 0.0165710449219 0.0136299133301 0.011547088623 0.0108680725098 0.0104293823242 0.00820541381836 0.02294921875 0.217109680176 02
0.0308113098145 0.0126037597656 0.0120582580566 0.012580871582 0.0136489868164 0.0150566101074 0.0170288085938 0.0210876464844 0.0252838134766 0.0344543457031 0.047477722168 0.0649719238281 0.0752220153809 0.0738677978516 0.0603523254395 0.044979095459 0.0331077575684 0.0258407592773 0.0194854736328 0.0171203613281 0.0141525268555 0.0138473510742 0.0125503540039 0.00959396362305 0.0324440002441 0.260372161865 02
0.0214805603027 0.0100021362305 0.0110816955566 0.0125503540039 0.0142478942871 0.0168418884277 0.0190658569336 0.0258941650391 0.0330543518066 0.0446739196777 0.0594520568848 0.0761108398438 0.0805206298828 0.0766563415527 0.0598335266113 0.0471000671387 0.0356063842773 0.0293960571289 0.0209503173828 0.0180587768555 0.0146598815918 0.0131301879883 0.0116424560547 0.00856018066406 0.0266342163086 0.212795257568 03
0.012565612793 0.00748443603516 0.00677490234375 0.00750350952148 0.00781631469727 0.0108909606934 0.0137672424316 0.0213012695312 0.0308876037598 0.0470657348633 0.0695571899414 0.102115631104 0.116653442383 0.106735229492 0.0770683288574 0.0537757873535 0.0360679626465 0.0253067016602 0.0163726806641 0.0124282836914 0.0090446472168 0.00809860229492 0.00738906860352 0.00566482543945 0.0157508850098 0.171913146973 03
0.0290832519531 0.0124893188477 0.0146408081055 0.0161323547363 0.0156097412109 0.0157623291016 0.0157127380371 0.0181922912598 0.022705078125 0.0325508117676 0.0506858825684 0.0803031921387 0.0960235595703 0.0777206420898 0.0503540039062 0.0340728759766 0.0249404907227 0.0205612182617 0.0170211791992 0.0165557861328 0.0162544250488 0.0162620544434 0.0150489807129 0.0117149353027 0.0324974060059 0.247104644775 03
0.0282440185547 0.0105018615723 0.0116157531738 0.0137062072754 0.0159339904785 0.0184097290039 0.0209045410156 0.025260925293 0.0309410095215 0.0405120849609 0.0543823242188 0.0750350952148 0.0843925476074 0.0764923095703 0.0591011047363 0.0444641113281 0.0349006652832 0.0287704467773 0.0235328674316 0.0197105407715 0.017276763916 0.0149803161621 0.0123023986816 0.0085563659668 0.028678894043 0.201393127441 03
0.0152320861816 0.00836181640625 0.00650787353516 0.00690460205078 0.00857543945312 0.0112991333008 0.014720916748 0.0224800109863 0.0334434509277 0.0499687194824 0.0714874267578 0.0996398925781 0.106266021729 0.0950050354004 0.0699920654297 0.0495452880859 0.0349807739258 0.026008605957 0.0178718566895 0.0138969421387 0.0106048583984 0.00991439819336 0.0087776184082 0.00668716430664 0.019100189209 0.182727813721 03
0.0128631591797 0.00750350952148 0.0063591003418 0.00617599487305 0.00666046142578 0.0100975036621 0.0131683349609 0.0204086303711 0.0315246582031 0.0486602783203 0.073787689209 0.10816192627 0.109497070312 0.0961418151855 0.0669403076172 0.0454864501953 0.0312538146973 0.023250579834 0.0162887573242 0.0128707885742 0.0106353759766 0.00999069213867 0.00931167602539 0.0068359375 0.0205078125 0.195617675781 03
0.0168838500977 0.0108833312988 0.00769424438477 0.00709533691406 0.00762939453125 0.0096435546875 0.012393951416 0.0185546875 0.0270614624023 0.0419769287109 0.0601119995117 0.0843162536621 0.0869827270508 0.0797080993652 0.0591087341309 0.0424766540527 0.0295257568359 0.0219268798828 0.0147895812988 0.0125503540039 0.010124206543 0.0102500915527 0.0110931396484 0.0100135803223 0.0244483947754 0.28275680542 03
0.0189819335938 0.00942611694336 0.00819396972656 0.00876235961914 0.00997543334961 0.0125503540039 0.0157890319824 0.0213508605957 0.0293655395508 0.0435180664062 0.0645599365234 0.089729309082 0.10013961792 0.0905227661133 0.067497253418 0.0476150512695 0.0342750549316 0.0250282287598 0.0173530578613 0.0139350891113 0.0110397338867 0.0101089477539 0.00985336303711 0.00785064697266 0.0220069885254 0.210571289062 03
0.026252746582 0.0101509094238 0.00971984863281 0.010383605957 0.0121040344238 0.0159606933594 0.0203628540039 0.0273284912109 0.0362358093262 0.0470581054688 0.0592498779297 0.0707321166992 0.0750350952148 0.0697784423828 0.0569190979004 0.0451011657715 0.035572052002 0.0279502868652 0.0219535827637 0.0176048278809 0.0143890380859 0.0134773254395 0.011417388916 0.00949096679688 0.0282859802246 0.227485656738 03
0.0240287780762 0.0101280212402 0.00852966308594 0.00942230224609 0.0105476379395 0.0132751464844 0.0160865783691 0.022331237793 0.0289878845215 0.0403671264648 0.0547485351562 0.0770301818848 0.0900726318359 0.0926895141602 0.0745391845703 0.0547676086426 0.0385627746582 0.0277824401855 0.0198135375977 0.0150833129883 0.0118789672852 0.0105819702148 0.00935745239258 0.00750350952148 0.0216407775879 0.210243225098 04
0.0174179077148 0.00951385498047 0.00834274291992 0.00860214233398 0.0093994140625 0.0125503540039 0.0161476135254 0.022590637207 0.0310745239258 0.0439987182617 0.0624351501465 0.0850448608398 0.0967979431152 0.0944480895996 0.0718116760254 0.0520973205566 0.0368194580078 0.02587890625 0.0182609558105 0.0140533447266 0.0107307434082 0.00960540771484 0.00895690917969 0.00700759887695 0.0177764892578 0.208637237549 04
0.0172080993652 0.00870895385742 0.00750350952148 0.00794219970703 0.00911331176758 0.0115623474121 0.0147323608398 0.0205574035645 0.0291137695312 0.0428886413574 0.0619010925293 0.0910835266113 0.107105255127 0.106254577637 0.0811347961426 0.0566177368164 0.0376853942871 0.0259666442871 0.0182075500488 0.0137405395508 0.0107192993164 0.00925827026367 0.00764083862305 0.00588989257812 0.0166625976562 0.180801391602 04
0.0185279846191 0.00905990600586 0.00881576538086 0.0103340148926 0.011287689209 0.0142822265625 0.017032623291 0.0230407714844 0.0300636291504 0.0419120788574 0.0607833862305 0.0896835327148 0.109493255615 0.101985931396 0.0716667175293 0.0480499267578 0.0332183837891 0.0250358581543 0.018310546875 0.0156440734863 0.0122566223145 0.0107307434082 0.0098876953125 0.00690841674805 0.0210838317871 0.180904388428 04
0.0140151977539 0.00811386108398 0.00653076171875 0.00690078735352 0.00750350952148 0.0105895996094 0.0136604309082 0.0202598571777 0.0295829772949 0.0456237792969 0.0672645568848 0.0966949462891 0.112236022949 0.110874176025 0.081859588623 0.0547180175781 0.0347862243652 0.0239944458008 0.0157356262207 0.0120544433594 0.00898361206055 0.00875473022461 0.00804901123047 0.00606536865234 0.0171585083008 0.177989959717 04
0.0275840759277 0.0104942321777 0.010856628418 0.0125770568848 0.0132293701172 0.014705657959 0.0164604187012 0.0204429626465 0.0253829956055 0.034595489502 0.0502738952637 0.0748023986816 0.0957336425781 0.0926170349121 0.071403503418 0.0504608154297 0.0359001159668 0.0266304016113 0.0195045471191 0.016284942627 0.013111114502 0.0125503540039 0.0105133056641 0.00821685791016 0.0250396728516 0.210628509521 04
0.0446739196777 0.0137023925781 0.0152816772461 0.0163116455078 0.0177917480469 0.017879486084 0.0191688537598 0.0217361450195 0.0250930786133 0.0312995910645 0.0384178161621 0.0499382019043 0.0573043823242 0.0557136535645 0.0477333068848 0.039234161377 0.0311241149902 0.0264587402344 0.0219383239746 0.0191040039062 0.0171928405762 0.017017364502 0.0159454345703 0.0125503540039 0.0408782958984 0.286510467529 04
0.0270233154297 0.0120010375977 0.0120658874512 0.0128936767578 0.015193939209 0.0171661376953 0.019588470459 0.0234451293945 0.0292587280273 0.0379028320312 0.0503578186035 0.068660736084 0.080436706543 0.0764846801758 0.0608253479004 0.0460433959961 0.0355834960938 0.0278701782227 0.0221176147461 0.0181274414062 0.015193939209 0.0136032104492 0.0125160217285 0.00979614257812 0.0262222290039 0.229621887207 04
0.0168800354004 0.00985336303711 0.00769424438477 0.00761032104492 0.0074577331543 0.0101928710938 0.0131759643555 0.0196342468262 0.028751373291 0.0435066223145 0.061882019043 0.0855293273926 0.096981048584 0.0937957763672 0.0706405639648 0.0503540039062 0.0332984924316 0.0235595703125 0.0160064697266 0.0126914978027 0.0103759765625 0.00980377197266 0.00946044921875 0.00796508789062 0.019660949707 0.233238220215 04
0.0240211486816 0.0115280151367 0.0105476379395 0.0118370056152 0.0128555297852 0.0160446166992 0.018611907959 0.0250358581543 0.0314292907715 0.0410385131836 0.055248260498 0.0716018676758 0.079402923584 0.0736465454102 0.0590934753418 0.0446739196777 0.033992767334 0.0275268554688 0.0208320617676 0.0172386169434 0.0147285461426 0.0131607055664 0.0119857788086 0.00978088378906 0.0273399353027 0.236797332764 04
0.0277137756348 0.00937271118164 0.00970840454102 0.0117378234863 0.0130500793457 0.0156135559082 0.0180358886719 0.0235137939453 0.0292015075684 0.0404319763184 0.0557899475098 0.0781860351562 0.0946617126465 0.0923080444336 0.0731468200684 0.0548820495605 0.0393562316895 0.0297508239746 0.0208587646484 0.0162200927734 0.0125503540039 0.0115203857422 0.0100059509277 0.00701522827148 0.0223388671875 0.183029174805 04
0.050350189209 0.0145683288574 0.015998840332 0.0167274475098 0.0180892944336 0.0192947387695 0.0201835632324 0.0223197937012 0.0251197814941 0.0292892456055 0.0339241027832 0.042724609375 0.0469093322754 0.0455322265625 0.0394706726074 0.0318145751953 0.0268287658691 0.0232696533203 0.020092010498 0.0183792114258 0.0181617736816 0.0186195373535 0.01806640625 0.0150146484375 0.0447845458984 0.324466705322 04
0.0125503540039 0.00778579711914 0.00603485107422 0.00655364990234 0.00690460205078 0.00933837890625 0.0118293762207 0.0187377929688 0.0292739868164 0.0466117858887 0.0695838928223 0.101585388184 0.114799499512 0.107666015625 0.0763816833496 0.0517578125 0.0323715209961 0.0229911804199 0.0142974853516 0.0113067626953 0.00931549072266 0.00849533081055 0.00813674926758 0.00620269775391 0.0168418884277 0.192646026611 04
0.0156555175781 0.0101585388184 0.00767135620117 0.00730133056641 0.00750350952148 0.00872421264648 0.0111198425293 0.0163650512695 0.0233726501465 0.0366668701172 0.0569267272949 0.0892601013184 0.111862182617 0.109237670898 0.0758666992188 0.0490798950195 0.0301246643066 0.0207672119141 0.0136489868164 0.0105247497559 0.00863265991211 0.00863265991211 0.00894927978516 0.00743865966797 0.0189018249512 0.235607147217 04
0.0310287475586 0.0117301940918 0.0120277404785 0.012939453125 0.0138092041016 0.015193939209 0.0175743103027 0.0214691162109 0.0262413024902 0.0359420776367 0.0472450256348 0.0666007995605 0.0804977416992 0.0758628845215 0.0582809448242 0.0450210571289 0.033317565918 0.0260276794434 0.0193786621094 0.0155334472656 0.0131454467773 0.0126533508301 0.0125503540039 0.0106239318848 0.0304718017578 0.254833221436 04
0.0148696899414 0.00872039794922 0.00671005249023 0.00701904296875 0.00766754150391 0.0103988647461 0.0132446289062 0.0207290649414 0.0300521850586 0.0469207763672 0.0681648254395 0.0930519104004 0.101230621338 0.0978851318359 0.0742988586426 0.0503540039062 0.0341033935547 0.0232353210449 0.0160522460938 0.0122184753418 0.0095329284668 0.00905990600586 0.00885772705078 0.00708770751953 0.0192565917969 0.209278106689 04
0.0256538391113 0.0103950500488 0.0102920532227 0.0122566223145 0.0140190124512 0.0166854858398 0.0186386108398 0.022705078125 0.0277137756348 0.0377197265625 0.0526809692383 0.0750350952148 0.0895080566406 0.0889015197754 0.0697441101074 0.0526733398438 0.0387306213379 0.0297431945801 0.0228157043457 0.0184173583984 0.0153656005859 0.0129661560059 0.0103034973145 0.00735092163086 0.0251998901367 0.194484710693 04
0.0149803161621 0.00812530517578 0.00666046142578 0.00701904296875 0.00811004638672 0.0105934143066 0.013801574707 0.0206909179688 0.030216217041 0.044979095459 0.0667533874512 0.0989685058594 0.114078521729 0.107082366943 0.0783882141113 0.0507659912109 0.0324516296387 0.0228233337402 0.0158271789551 0.0125503540039 0.0105171203613 0.0100326538086 0.00862503051758 0.00639343261719 0.0205535888672 0.179012298584 04
0.0191383361816 0.0122413635254 0.00923919677734 0.00840759277344 0.00837326049805 0.0107383728027 0.0130767822266 0.020149230957 0.0280685424805 0.0392837524414 0.050895690918 0.0657958984375 0.0690841674805 0.0697059631348 0.0545196533203 0.0426330566406 0.0297088623047 0.0226173400879 0.0150527954102 0.0124893188477 0.0109367370605 0.0114860534668 0.0125503540039 0.0116157531738 0.0269737243652 0.325218200684 05
0.0285148620605 0.0135498046875 0.0120544433594 0.0125503540039 0.0129470825195 0.0163345336914 0.019847869873 0.0254592895508 0.0318794250488 0.0399742126465 0.0481376647949 0.0576171875 0.0584297180176 0.0582656860352 0.0493202209473 0.0406341552734 0.033203125 0.0270195007324 0.0224914550781 0.019588470459 0.0168495178223 0.0162353515625 0.0141258239746 0.0116767883301 0.0345573425293 0.278736114502 05
0.0267524719238 0.0141105651855 0.0123710632324 0.0120697021484 0.0130958557129 0.0149421691895 0.0173645019531 0.0225563049316 0.0280990600586 0.036075592041 0.0457992553711 0.0556755065918 0.0573463439941 0.0567970275879 0.0465507507324 0.0374031066895 0.0293998718262 0.0248374938965 0.0186309814453 0.0168533325195 0.015495300293 0.0157661437988 0.0157737731934 0.0125503540039 0.0341911315918 0.319492340088 05
0.0204048156738 0.0132446289062 0.00881576538086 0.00844192504883 0.00893020629883 0.0114974975586 0.0142478942871 0.0210304260254 0.0289077758789 0.0401611328125 0.052318572998 0.0659790039062 0.0677490234375 0.0661277770996 0.05517578125 0.0422630310059 0.0321311950684 0.0250358581543 0.0180358886719 0.0147819519043 0.0123634338379 0.0122756958008 0.0124626159668 0.0115928649902 0.0272827148438 0.308742523193 05
0.0179672241211 0.0131912231445 0.00902938842773 0.00873565673828 0.00887680053711 0.0116958618164 0.0125503540039 0.0188446044922 0.0262870788574 0.0352020263672 0.0455093383789 0.0623321533203 0.0591011047363 0.0633811950684 0.053581237793 0.0446510314941 0.0334358215332 0.0288467407227 0.018684387207 0.0168685913086 0.0153312683105 0.0154609680176 0.0160255432129 0.0106887817383 0.0379257202148 0.315795898438 05
0.0286178588867 0.0126533508301 0.0115203857422 0.0120391845703 0.0131912231445 0.0164184570312 0.0190773010254 0.0249252319336 0.0316925048828 0.0399742126465 0.0489540100098 0.0587387084961 0.0597305297852 0.0595664978027 0.0504913330078 0.0421447753906 0.0334281921387 0.0275993347168 0.0231857299805 0.0196685791016 0.0168304443359 0.016040802002 0.0142021179199 0.0106048583984 0.0336685180664 0.275035858154 06
0.0376853942871 0.0136032104492 0.0125350952148 0.0135307312012 0.0140380859375 0.0166549682617 0.0197105407715 0.0250358581543 0.0304946899414 0.0372543334961 0.0439109802246 0.0502510070801 0.0519943237305 0.049560546875 0.0441703796387 0.0387992858887 0.0326042175293 0.0273971557617 0.0225448608398 0.0195159912109 0.0164260864258 0.0154838562012 0.0152778625488 0.0119476318359 0.0372657775879 0.302307128906 06
0.0279808044434 0.0163993835449 0.0125503540039 0.0114898681641 0.0113487243652 0.0137939453125 0.0149993896484 0.0194358825684 0.0240669250488 0.0301322937012 0.036506652832 0.0449523925781 0.0461311340332 0.0471687316895 0.040843963623 0.0340309143066 0.0275382995605 0.0237464904785 0.0180358886719 0.0160293579102 0.015007019043 0.0163803100586 0.0169715881348 0.0149955749512 0.038444519043 0.381019592285 06
0.0295181274414 0.0198822021484 0.012939453125 0.0108261108398 0.00922775268555 0.0106735229492 0.0115165710449 0.0155067443848 0.019889831543 0.0250358581543 0.0291519165039 0.0355796813965 0.0349159240723 0.0356025695801 0.0320625305176 0.0281410217285 0.0232353210449 0.0207481384277 0.0160636901855 0.0147933959961 0.0144309997559 0.0160255432129 0.019214630127 0.0187034606934 0.0433006286621 0.453014373779 06
0.0442543029785 0.0178298950195 0.0153884887695 0.0146064758301 0.0138473510742 0.0153617858887 0.0169906616211 0.0208473205566 0.0245132446289 0.0277519226074 0.0316543579102 0.0363845825195 0.0358963012695 0.035816192627 0.0325813293457 0.0275497436523 0.0250358581543 0.0214424133301 0.0197792053223 0.0182685852051 0.0170211791992 0.0169448852539 0.0174369812012 0.0163307189941 0.0452270507812 0.39123916626 06
0.0278816223145 0.0137519836426 0.0152702331543 0.0155181884766 0.0160140991211 0.0159339904785 0.0175018310547 0.0206413269043 0.0250358581543 0.033576965332 0.0483703613281 0.0696258544922 0.0845756530762 0.0756149291992 0.0549774169922 0.0389747619629 0.0293960571289 0.0246429443359 0.0203552246094 0.0178909301758 0.0162544250488 0.0157890319824 0.0145874023438 0.0109939575195 0.0297546386719 0.2470703125 07
0.0160713195801 0.00813674926758 0.00692749023438 0.00750350952148 0.00837707519531 0.011302947998 0.0142860412598 0.0215759277344 0.0328941345215 0.0490989685059 0.0721244812012 0.097957611084 0.101398468018 0.0895576477051 0.0670013427734 0.0476188659668 0.032901763916 0.0244674682617 0.0168418884277 0.0133895874023 0.0113983154297 0.0104942321777 0.00921249389648 0.00738906860352 0.0231742858887 0.19889831543 07
0.0156517028809 0.0086669921875 0.0075569152832 0.00750350952148 0.00826263427734 0.011302947998 0.0148391723633 0.0217666625977 0.0305137634277 0.0453872680664 0.0648727416992 0.0912780761719 0.0995788574219 0.0936470031738 0.0708389282227 0.0505561828613 0.0351600646973 0.0247764587402 0.0165710449219 0.0129852294922 0.0100059509277 0.00955963134766 0.00891494750977 0.00739288330078 0.0189552307129 0.213455200195 07
0.021167755127 0.0116539001465 0.0110168457031 0.0122108459473 0.0130653381348 0.0140991210938 0.0161514282227 0.0193634033203 0.0244255065918 0.0353965759277 0.0527763366699 0.0803718566895 0.094654083252 0.081844329834 0.0586128234863 0.0410270690918 0.0302505493164 0.0238380432129 0.018669128418 0.0161018371582 0.0139961242676 0.0125503540039 0.011848449707 0.0100288391113 0.0241241455078 0.250755310059 07
0.0282783508301 0.0101356506348 0.0115127563477 0.0128593444824 0.0142402648926 0.0153846740723 0.0172348022461 0.0208320617676 0.027458190918 0.037467956543 0.0554847717285 0.0800170898438 0.0945243835449 0.0853271484375 0.0644454956055 0.0478096008301 0.0351791381836 0.0276908874512 0.0214881896973 0.0169525146484 0.0142135620117 0.0125503540039 0.010871887207 0.00814819335938 0.0257377624512 0.204154968262 07
0.0158805847168 0.0079460144043 0.00671005249023 0.00750350952148 0.00863647460938 0.0126419067383 0.0170593261719 0.0257186889648 0.0358619689941 0.0525169372559 0.0725250244141 0.0975379943848 0.103416442871 0.0918006896973 0.069465637207 0.0494613647461 0.0363960266113 0.0261001586914 0.0183334350586 0.0144653320312 0.0117149353027 0.0102043151855 0.00885772705078 0.0068359375 0.0197219848633 0.172687530518 07
0.0260047912598 0.0112648010254 0.0125465393066 0.0152740478516 0.0163383483887 0.0183906555176 0.0209121704102 0.0250358581543 0.030834197998 0.0401458740234 0.0534248352051 0.0709686279297 0.0777740478516 0.0715255737305 0.0557289123535 0.0432510375977 0.0344886779785 0.0288696289062 0.0231628417969 0.0202941894531 0.0165977478027 0.0154418945312 0.0135459899902 0.00997543334961 0.0272331237793 0.220970153809 07
0.0297698974609 0.0109634399414 0.0105819702148 0.0114669799805 0.0124549865723 0.0138244628906 0.0157318115234 0.0202102661133 0.0266227722168 0.0403785705566 0.057933807373 0.0802574157715 0.0860786437988 0.0750503540039 0.0548667907715 0.0395050048828 0.027759552002 0.0214691162109 0.0163803100586 0.0141258239746 0.0132026672363 0.0130195617676 0.012882232666 0.0111083984375 0.0325164794922 0.251838684082 07
0.0229263305664 0.0101585388184 0.00964736938477 0.0105400085449 0.011962890625 0.0137023925781 0.016918182373 0.0216598510742 0.0285377502441 0.0404357910156 0.0599670410156 0.0856018066406 0.0961799621582 0.0857086181641 0.0609970092773 0.0428352355957 0.0309524536133 0.0237579345703 0.0182342529297 0.0154800415039 0.0133666992188 0.0125503540039 0.011604309082 0.00900650024414 0.0261726379395 0.221096038818 07
0.0217132568359 0.0122909545898 0.0108070373535 0.0112838745117 0.011287689209 0.0127601623535 0.015209197998 0.0202102661133 0.0272064208984 0.0384216308594 0.0562477111816 0.0795516967773 0.0904121398926 0.0807342529297 0.0586166381836 0.0405082702637 0.0295372009277 0.0234870910645 0.0181846618652 0.0150985717773 0.0127410888672 0.0125503540039 0.0123748779297 0.0106964111328 0.0245895385742 0.253479003906 07
0.0165672302246 0.00947952270508 0.00749969482422 0.00711059570312 0.00838088989258 0.0100135803223 0.0129013061523 0.019702911377 0.0276870727539 0.0427398681641 0.0659675598145 0.0962409973145 0.107727050781 0.0950355529785 0.066722869873 0.0437812805176 0.0303421020508 0.0220108032227 0.0157852172852 0.0136489868164 0.0105743408203 0.010009765625 0.00948333740234 0.00807952880859 0.0220184326172 0.220489501953 07
0.020866394043 0.0117721557617 0.0110168457031 0.011157989502 0.0120086669922 0.0142364501953 0.0158767700195 0.0210990905762 0.0275039672852 0.0398139953613 0.0583038330078 0.0824127197266 0.0926971435547 0.0821228027344 0.0569000244141 0.0393714904785 0.0283546447754 0.0226516723633 0.0183868408203 0.0153999328613 0.0131225585938 0.013053894043 0.0127639770508 0.0102806091309 0.0253219604492 0.243503570557 07
0.0128402709961 0.00636291503906 0.00554656982422 0.00645065307617 0.00773620605469 0.0104484558105 0.0142250061035 0.0220718383789 0.0327377319336 0.0506629943848 0.0780067443848 0.111545562744 0.12385559082 0.107391357422 0.074779510498 0.0503540039062 0.0333709716797 0.023868560791 0.0161170959473 0.0118522644043 0.00931167602539 0.00790405273438 0.00700378417969 0.00543594360352 0.0156402587891 0.154479980469 07
0.0283088684082 0.00919723510742 0.00994491577148 0.0113296508789 0.0131454467773 0.0148773193359 0.0182151794434 0.0238380432129 0.0318145751953 0.0452156066895 0.0640754699707 0.0853080749512 0.0950050354004 0.0807151794434 0.0582733154297 0.0435180664062 0.0331001281738 0.0263862609863 0.0216102600098 0.0176162719727 0.0145416259766 0.0129432678223 0.0112037658691 0.00822830200195 0.0302581787109 0.191329956055 08
0.0221214294434 0.00814819335938 0.00876998901367 0.0106086730957 0.0125350952148 0.0153732299805 0.0186424255371 0.0248146057129 0.0343246459961 0.051197052002 0.0728721618652 0.094841003418 0.0950050354004 0.0805816650391 0.0608596801758 0.0451812744141 0.034481048584 0.0260581970215 0.0208206176758 0.0172882080078 0.014232635498 0.013053894043 0.0105171203613 0.0074462890625 0.0252075195312 0.175018310547 08
0.0260391235352 0.00857543945312 0.0100326538086 0.0115013122559 0.0125503540039 0.0139007568359 0.0164947509766 0.0216827392578 0.0297622680664 0.0446166992188 0.0677528381348 0.097900390625 0.107387542725 0.0874404907227 0.0572929382324 0.0401840209961 0.0290374755859 0.0229759216309 0.018985748291 0.0170364379883 0.0143890380859 0.0133628845215 0.0109634399414 0.00788497924805 0.027774810791 0.184474945068 08
0.0188827514648 0.00860214233398 0.00768280029297 0.00847625732422 0.00966262817383 0.0125503540039 0.0154304504395 0.0229721069336 0.0334968566895 0.0504989624023 0.0716400146484 0.0977020263672 0.099479675293 0.0853805541992 0.0605850219727 0.0416831970215 0.0302963256836 0.0236167907715 0.017391204834 0.0151100158691 0.0125427246094 0.011547088623 0.0108642578125 0.00812530517578 0.0268325805664 0.198947906494 08
0.0212783813477 0.00897979736328 0.0086784362793 0.0101661682129 0.0111808776855 0.0126647949219 0.015495300293 0.0211791992188 0.0287017822266 0.0431022644043 0.0671043395996 0.101821899414 0.114841461182 0.0958404541016 0.064525604248 0.0429039001465 0.0311622619629 0.0243377685547 0.0186653137207 0.0158348083496 0.0126495361328 0.0114669799805 0.0100784301758 0.00750350952148 0.0233459472656 0.176490783691 08
0.0305671691895 0.013069152832 0.0137367248535 0.0137214660645 0.0130615234375 0.0138969421387 0.0153732299805 0.0191993713379 0.0257682800293 0.0376129150391 0.0550918579102 0.0813636779785 0.0950050354004 0.0735206604004 0.04736328125 0.032112121582 0.0242691040039 0.0203742980957 0.017749786377 0.0163040161133 0.0152893066406 0.015739440918 0.0143928527832 0.0118942260742 0.0346946716309 0.248828887939 08
0.0203247070312 0.00951385498047 0.00956726074219 0.0108871459961 0.0123596191406 0.0155792236328 0.0187759399414 0.026538848877 0.0358390808105 0.0503540039062 0.0678482055664 0.0864067077637 0.088005065918 0.0771713256836 0.0580787658691 0.043399810791 0.0337066650391 0.0266342163086 0.020580291748 0.01708984375 0.0142059326172 0.0134963989258 0.0113830566406 0.00849151611328 0.0263290405273 0.19743347168 08
0.0155982971191 0.0081672668457 0.00661468505859 0.0068359375 0.00750350952148 0.00986862182617 0.013298034668 0.0195617675781 0.0301322937012 0.0461235046387 0.0736770629883 0.110992431641 0.124774932861 0.0994987487793 0.0644989013672 0.0418891906738 0.0279579162598 0.0196800231934 0.0145454406738 0.0124282836914 0.00992202758789 0.00966644287109 0.00890731811523 0.00727081298828 0.0205001831055 0.190086364746 08
0.0132942199707 0.00742721557617 0.00552368164062 0.00587463378906 0.00679779052734 0.00860214233398 0.011173248291 0.016471862793 0.0258560180664 0.0454902648926 0.0792198181152 0.132293701172 0.149269104004 0.110897064209 0.0655822753906 0.0403251647949 0.0256767272949 0.0191802978516 0.0135536193848 0.0116691589355 0.0089225769043 0.00806427001953 0.0074348449707 0.00617599487305 0.0177192687988 0.1575050354 08
0.0423202514648 0.0118026733398 0.0141830444336 0.0169258117676 0.0187911987305 0.0199813842773 0.0213966369629 0.0237121582031 0.0285911560059 0.0363578796387 0.0463981628418 0.0589256286621 0.0637550354004 0.0588531494141 0.0462608337402 0.0374031066895 0.031177520752 0.0259552001953 0.0226516723633 0.0209846496582 0.0188636779785 0.0182075500488 0.0158042907715 0.0113716125488 0.0389060974121 0.250419616699 08
0.0240707397461 0.00817489624023 0.00770568847656 0.00927352905273 0.0108604431152 0.0144500732422 0.0185966491699 0.0264739990234 0.0366363525391 0.0528831481934 0.0729217529297 0.0936698913574 0.097297668457 0.0805892944336 0.0578002929688 0.0429153442383 0.032413482666 0.0255966186523 0.0191459655762 0.0158653259277 0.013355255127 0.0125503540039 0.0106430053711 0.00820159912109 0.0276679992676 0.180240631104 08
0.0281066894531 0.0101737976074 0.0106506347656 0.0121574401855 0.014331817627 0.0162315368652 0.0189514160156 0.0248146057129 0.0325050354004 0.0438842773438 0.0597534179688 0.0808181762695 0.0870208740234 0.0745277404785 0.0529479980469 0.0393486022949 0.0298271179199 0.0245170593262 0.0198135375977 0.018180847168 0.0161209106445 0.015380859375 0.0127296447754 0.00940322875977 0.0326271057129 0.215175628662 08
0.0364036560059 0.0125503540039 0.0147132873535 0.0161590576172 0.0166778564453 0.0165634155273 0.0179061889648 0.0213966369629 0.0265846252441 0.0359954833984 0.0506362915039 0.0710945129395 0.0814399719238 0.0665550231934 0.0443916320801 0.0319633483887 0.0247535705566 0.0216827392578 0.0184669494629 0.0184135437012 0.0174293518066 0.0179672241211 0.0161247253418 0.0121917724609 0.038932800293 0.253005981445 08
0.0178985595703 0.00750350952148 0.00760269165039 0.00786972045898 0.00972747802734 0.0125579833984 0.0171775817871 0.0246658325195 0.0345878601074 0.0516700744629 0.0702934265137 0.0954704284668 0.10391998291 0.0953559875488 0.0725059509277 0.0508422851562 0.0365943908691 0.026294708252 0.0190925598145 0.0150146484375 0.0113105773926 0.00997543334961 0.00823974609375 0.00622177124023 0.0213279724121 0.166278839111 08
0.0340232849121 0.0135612487793 0.0147361755371 0.0151710510254 0.0146484375 0.0147094726562 0.0156059265137 0.0193672180176 0.0250358581543 0.0350074768066 0.0507392883301 0.072509765625 0.084831237793 0.0708503723145 0.0473556518555 0.0333213806152 0.0251808166504 0.0203132629395 0.0176239013672 0.0168571472168 0.0158157348633 0.0163612365723 0.0158042907715 0.0126037597656 0.0370788574219 0.260887145996 08
0.0231857299805 0.00900268554688 0.00959777832031 0.0109214782715 0.0110702514648 0.0134506225586 0.0156517028809 0.0206336975098 0.0285186767578 0.0427703857422 0.0674591064453 0.104484558105 0.119335174561 0.0913467407227 0.0588760375977 0.0391120910645 0.0290412902832 0.0226516723633 0.0190467834473 0.0164489746094 0.0138244628906 0.0125503540039 0.0106811523438 0.00737380981445 0.0243148803711 0.178649902344 08
0.012767791748 0.00667572021484 0.00523376464844 0.00543594360352 0.00637817382812 0.00925064086914 0.0127029418945 0.0214805603027 0.0335006713867 0.0550231933594 0.0861740112305 0.119071960449 0.123229980469 0.100971221924 0.0683479309082 0.0463523864746 0.0325050354004 0.0235786437988 0.0163612365723 0.0132484436035 0.0103759765625 0.00912857055664 0.00756072998047 0.00575256347656 0.0181007385254 0.150791168213 08
0.0162353515625 0.00925827026367 0.00755310058594 0.00739288330078 0.0084114074707 0.0113945007324 0.0144233703613 0.0225563049316 0.0317687988281 0.0464553833008 0.0634536743164 0.0847587585449 0.0912322998047 0.0890998840332 0.0691452026367 0.050350189209 0.0345039367676 0.0246963500977 0.016773223877 0.0130195617676 0.0102195739746 0.00945663452148 0.00935363769531 0.00779724121094 0.0209045410156 0.229785919189 09
0.020263671875 0.00898361206055 0.00764846801758 0.00857543945312 0.0104331970215 0.013786315918 0.0175590515137 0.0246276855469 0.0337028503418 0.0469551086426 0.0632286071777 0.0864028930664 0.0967407226562 0.0927314758301 0.0714263916016 0.0517463684082 0.0369567871094 0.0277824401855 0.0197715759277 0.014965057373 0.0124015808105 0.0104560852051 0.00920486450195 0.00666809082031 0.0219459533691 0.185035705566 09
0.0214004516602 0.0100936889648 0.00993347167969 0.0111351013184 0.0125503540039 0.014820098877 0.0183067321777 0.023551940918 0.0300178527832 0.0402183532715 0.0562133789062 0.0775985717773 0.0924415588379 0.0908851623535 0.0721435546875 0.052619934082 0.036792755127 0.027587890625 0.0198745727539 0.0156860351562 0.0129776000977 0.0114364624023 0.0102767944336 0.00786972045898 0.0221252441406 0.201442718506 09
0.0339431762695 0.0125503540039 0.0126953125 0.0136375427246 0.0152893066406 0.0173301696777 0.0196418762207 0.0239219665527 0.0295829772949 0.0366439819336 0.0456352233887 0.0575523376465 0.0646705627441 0.0630645751953 0.0530738830566 0.0435371398926 0.0349998474121 0.028133392334 0.022159576416 0.0184631347656 0.015697479248 0.014533996582 0.0138397216797 0.0110664367676 0.0329208374023 0.26541519165 09
0.0289764404297 0.0117645263672 0.0117149353027 0.0136375427246 0.0144271850586 0.0176162719727 0.0204086303711 0.0253372192383 0.031665802002 0.0389785766602 0.0495986938477 0.0614318847656 0.0658226013184 0.0665245056152 0.0580253601074 0.0483207702637 0.0375747680664 0.029727935791 0.0233993530273 0.0195732116699 0.0158920288086 0.0143089294434 0.0125503540039 0.00956726074219 0.0298728942871 0.243282318115 09
0.0224685668945 0.00991439819336 0.00956344604492 0.0109100341797 0.0125045776367 0.0155448913574 0.0184745788574 0.0243911743164 0.0322341918945 0.0419502258301 0.0567512512207 0.0757141113281 0.0847129821777 0.0837287902832 0.0665168762207 0.0503540039062 0.0376281738281 0.0275726318359 0.0204238891602 0.0168647766113 0.0133018493652 0.0118217468262 0.010498046875 0.00809097290039 0.0236663818359 0.21439743042 09
0.0175018310547 0.0087776184082 0.00763320922852 0.00786590576172 0.00912857055664 0.0125503540039 0.0162391662598 0.0236053466797 0.0318145751953 0.0453643798828 0.0631256103516 0.0895843505859 0.107406616211 0.104385375977 0.0788421630859 0.0546760559082 0.0377082824707 0.026237487793 0.0182151794434 0.013313293457 0.00974655151367 0.00892639160156 0.00802612304688 0.00665283203125 0.0182342529297 0.174438476562 09
0.0165672302246 0.00807952880859 0.00732421875 0.00750350952148 0.00933837890625 0.0120391845703 0.0164794921875 0.0238952636719 0.0340919494629 0.0486831665039 0.0667610168457 0.0881500244141 0.100528717041 0.100624084473 0.0762557983398 0.0559310913086 0.038875579834 0.0276069641113 0.0184364318848 0.0139656066895 0.0101089477539 0.0089225769043 0.00824356079102 0.0062255859375 0.0182151794434 0.177146911621 09
